40.94
40.97
41.00
41.02
41.02
41.03
41.03
41.03
41.04
41.04
41.04
41.04
41.04
41.04
41.04
41.05
41.06
41.06
41.07
41.07
41.07
41.07
41.08
41.08
41.09
41.10
41.10
41.10
41.11
41.11
41.12
41.13
41.13
41.13
41.13
41.13
41.14
41.15
41.15
41.15
41.15
41.15
41.16
41.16
41.18
41.18
41.18
41.19
41.19
41.20
41.20
41.20
41.20
41.20
41.20
41.20
41.20
41.21
41.22
41.22
41.22
41.22
41.22
41.23
41.24
41.24
41.24
41.24
41.25
41.25
41.25
41.26
41.26
41.26
41.27
41.27
41.27
41.27
41.27
41.27
41.27
41.27
41.27
41.28
41.28
41.28
41.29
41.29
41.29
41.29
41.30
41.30
41.30
41.30
41.30
41.30
41.31
41.31
41.31
41.31
41.31
41.31
41.31
41.31
41.31
41.32
41.32
41.32
41.32
41.32
41.33
41.33
41.33
41.34
41.34
41.34
41.34
41.34
41.35
41.35
41.35
41.35
41.35
41.35
41.35
41.35
41.35
41.36
41.37
41.37
41.37
41.37
41.37
41.37
41.38
41.38
41.38
41.39
41.39
41.39
41.39
41.40
41.41
41.41
41.42
41.42
41.42
41.42
41.42
41.43
41.43
41.43
41.43
41.44
41.44
41.44
41.45
41.45
41.45
41.45
41.46
41.46
41.46
41.47
41.47
41.48
41.51
41.51
41.51
41.51
41.51
41.52
41.52
41.52
41.52
41.53
41.53
41.54
41.54
41.55
41.56
41.56
41.57
41.58
41.58
41.59
41.60
41.61
41.61
41.97
42.02
42.03
42.04
42.05
42.07
42.09
42.10
42.11
42.12
42.12
42.12
42.12
42.13
42.14
42.15
42.15
42.16
42.16
42.17
42.17
42.18
42.18
42.18
42.19
42.19
42.19
42.20
42.20
42.20
42.20
42.20
42.21
42.22
42.23
42.24
42.24
42.26
42.27
42.28
42.29
42.29
42.29
42.29
42.30
42.30
42.30
42.34
42.34
42.35
42.35
42.36
42.36
42.36
42.36
42.36
42.36
42.37
42.37
42.38
42.38
42.38
42.39
42.39
42.39
42.39
42.40
42.42
42.43
42.43
42.44
42.44
42.45
42.46
42.48
42.49
42.49
42.50
42.89
42.91
42.92
42.93
42.95
43.00
43.01
43.01
43.03
43.05
43.09
43.09
43.13
43.15
43.16
43.18
43.18
43.19
43.20
43.21
43.24
43.24
43.25
43.26
43.26
43.26
43.26
43.28
43.28
43.28
43.28
43.29
43.29
43.30
43.30
43.30
43.30
43.31
43.31
43.31
43.32
43.32
43.32
43.33
43.33
43.34
43.34
43.34
43.34
43.35
43.36
43.36
43.37
43.37
43.38
43.38
43.40
43.40
43.40
43.41
43.41
43.43
43.45
43.45
43.46
43.46
43.47
43.49
43.49
43.49
43.50
43.50
43.50
43.51
43.51
43.55
44.06
44.07
44.09
44.09
44.13
44.13
44.14
44.14
44.15
44.15
44.16
44.17
44.17
44.18
44.18
44.20
44.20
44.20
44.21
44.21
44.21
44.21
44.21
44.22
44.22
44.22
44.22
44.23
44.23
44.23
44.25
44.25
44.25
44.27
44.29
44.29
44.30
44.30
44.30
44.33
44.36
44.37
44.37
44.38
44.38
44.38
44.41
44.41
44.45
44.45
44.45
44.46
44.48
44.49
44.50
44.50
44.50
44.51
44.51
44.53
44.54
44.54
44.55
44.55
44.55
44.56
44.56
44.56
44.57
44.57
44.58
44.58
44.59
44.59
44.59
44.61
44.63
44.97
44.97
45.04
45.05
45.06
45.07
45.08
45.10
45.11
45.11
45.12
45.13
45.14
45.14
45.15
45.15
45.15
45.17
45.18
45.18
45.20
45.20
45.20
45.22
45.22
45.22
45.24
45.25
45.26
45.28
45.28
45.28
45.29
45.29
45.31
45.32
45.32
45.34
45.35
45.35
45.35
45.35
45.36
45.36
45.38
45.39
45.40
45.40
45.41
45.42
45.43
45.43
45.44
45.44
45.45
45.45
45.46
45.47
45.48
45.49
45.49
45.50
45.50
45.50
45.50
45.51
45.51
45.53
45.53
45.54
45.54
45.56
45.58
45.58
45.60
45.61
45.64
45.67
46.06
46.10
46.10
46.12
46.13
46.13
46.14
46.14
46.14
46.14
46.14
46.14
46.15
46.16
46.16
46.16
46.16
46.16
46.16
46.18
46.18
46.18
46.18
46.20
46.20
46.20
46.22
46.23
46.24
46.24
46.25
46.25
46.25
46.27
46.27
46.27
46.28
46.29
46.30
46.30
46.33
46.34
46.35
46.38
46.40
46.40
46.40
46.41
46.41
46.41
46.42
46.45
46.46
46.47
46.48
46.54
46.54
46.56
46.57
46.57
46.58
46.59
46.59
46.59
46.60
46.60
46.60
46.61
46.61
46.61
46.62
46.63
46.63
46.64
46.65
46.67
46.68
47.11
47.13
47.15
47.16
47.17
47.17
47.17
47.17
47.18
47.18
47.19
47.19
47.20
47.21
47.21
47.22
47.22
47.23
47.24
47.24
47.25
47.26
47.26
47.26
47.27
47.27
47.28
47.29
47.29
47.30
47.30
47.31
47.31
47.31
47.32
47.32
47.34
47.35
47.35
47.35
47.36
47.37
47.38
47.38
47.39
47.39
47.39
47.40
47.43
47.44
47.44
47.45
47.46
47.46
47.47
47.47
47.47
47.47
47.47
47.49
47.50
47.50
47.50
47.50
47.52
47.53
47.54
47.54
47.54
47.54
47.55
47.55
47.55
47.57
47.57
47.58
47.58
47.59
47.60
47.60
47.63
47.66
47.66
47.68
47.69
48.00
48.02
48.04
48.08
48.10
48.10
48.12
48.13
48.16
48.16
48.17
48.17
48.17
48.17
48.19
48.21
48.21
48.22
48.23
48.23
48.23
48.23
48.24
48.24
48.25
48.27
48.27
48.28
48.29
48.29
48.33
48.34
48.34
48.37
48.40
48.40
48.40
48.41
48.42
48.43
48.43
48.43
48.43
48.44
48.44
48.46
48.46
48.47
48.47
48.47
48.48
48.48
48.49
48.51
48.51
48.51
48.53
48.55
48.55
48.55
48.57
48.58
48.58
48.58
48.59
48.61
48.63
48.64
48.65
48.66
48.66
48.67
48.68
48.69
48.70
49.04
49.06
49.07
49.08
49.09
49.11
49.14
49.16
49.16
49.17
49.18
49.19
49.20
49.22
49.22
49.24
49.24
49.25
49.26
49.28
49.28
49.29
49.32
49.33
49.33
49.33
49.34
49.34
49.35
49.35
49.35
49.35
49.36
49.38
49.38
49.38
49.38
49.38
49.39
49.39
49.39
49.40
49.42
49.42
49.42
49.44
49.44
49.45
49.45
49.46
49.46
49.47
49.49
49.50
49.50
49.51
49.51
49.51
49.52
49.52
49.52
49.52
49.52
49.53
49.54
49.54
49.54
49.55
49.55
49.55
49.56
49.57
49.57
49.58
49.59
49.59
49.59
49.60
49.60
49.61
49.62
49.64
49.65
49.67
49.99
50.05
50.05
50.05
50.06
50.07
50.10
50.12
50.12
50.13
50.14
50.15
50.16
50.17
50.17
50.21
50.21
50.22
50.22
50.22
50.24
50.25
50.26
50.27
50.27
50.28
50.28
50.28
50.29
50.32
50.32
50.32
50.33
50.33
50.34
50.35
50.36
50.36
50.38
50.38
50.38
50.38
50.38
50.39
50.39
50.39
50.40
50.41
50.41
50.42
50.42
50.42
50.42
50.42
50.42
50.43
50.44
50.45
50.46
50.46
50.47
50.47
50.47
50.47
50.47
50.48
50.52
50.52
50.52
50.53
50.54
50.54
50.55
50.55
50.56
50.57
50.59
50.61
50.67
50.68
50.99
51.03
51.03
51.05
51.05
51.07
51.09
51.10
51.10
51.13
51.13
51.15
51.18
51.19
51.19
51.19
51.20
51.20
51.22
51.22
51.22
51.23
51.23
51.25
51.27
51.27
51.27
51.27
51.28
51.28
51.29
51.30
51.30
51.30
51.33
51.33
51.33
51.34
51.35
51.35
51.35
51.35
51.36
51.37
51.38
51.38
51.39
51.39
51.39
51.42
51.42
51.43
51.43
51.44
51.44
51.44
51.45
51.46
51.46
51.47
51.48
51.49
51.50
51.50
51.50
51.51
51.52
51.52
51.53
51.55
51.55
51.56
51.56
51.58
51.60
51.60
51.61
51.61
51.63
51.65
51.67
51.68
51.98
51.99
52.03
52.04
52.08
52.10
52.11
52.14
52.15
52.16
52.17
52.18
52.20
52.20
52.21
52.22
52.22
52.22
52.25
52.25
52.25
52.25
52.25
52.26
52.26
52.26
52.27
52.27
52.27
52.28
52.29
52.29
52.31
52.32
52.32
52.33
52.34
52.35
52.36
52.36
52.42
52.42
52.45
52.45
52.45
52.46
52.46
52.49
52.49
52.49
52.49
52.50
52.50
52.50
52.50
52.51
52.52
52.52
52.52
52.53
52.53
52.54
52.55
52.58
52.58
52.58
52.59
52.59
52.59
52.60
52.61
52.61
52.63
52.63
52.63
52.63
52.64
52.93
52.95
52.97
52.98
53.03
53.04
53.04
53.06
53.10
53.10
53.10
53.10
53.12
53.12
53.12
53.12
53.13
53.13
53.14
53.15
53.15
53.15
53.16
53.16
53.17
53.17
53.17
53.18
53.19
53.21
53.25
53.26
53.26
53.28
53.30
53.31
53.32
53.32
53.33
53.33
53.34
53.36
53.36
53.36
53.37
53.38
53.38
53.38
53.39
53.39
53.40
53.41
53.41
53.42
53.43
53.43
53.43
53.43
53.44
53.44
53.44
53.45
53.45
53.47
53.47
53.48
53.48
53.49
53.49
53.51
53.51
53.52
53.52
53.53
53.57
53.57
53.57
53.58
53.58
53.59
53.59
53.59
53.60
53.63
53.64
53.96
53.99
54.00
54.00
54.00
54.04
54.07
54.09
54.09
54.10
54.12
54.12
54.12
54.14
54.15
54.16
54.16
54.16
54.18
54.19
54.19
54.20
54.20
54.20
54.23
54.24
54.24
54.24
54.24
54.25
54.26
54.27
54.28
54.29
54.30
54.30
54.31
54.31
54.32
54.33
54.33
54.33
54.33
54.33
54.34
54.34
54.34
54.35
54.35
54.36
54.36
54.37
54.40
54.41
54.41
54.41
54.41
54.41
54.41
54.42
54.45
54.46
54.47
54.49
54.49
54.51
54.53
54.54
54.56
54.58
54.58
54.59
54.60
54.60
54.62
54.62
54.62
54.63
54.64
54.64
54.66
54.66
54.66
54.69
54.69
54.69
54.93
54.94
54.95
54.98
55.01
55.02
55.04
55.08
55.10
55.10
55.12
55.14
55.14
55.16
55.17
55.17
55.17
55.17
55.19
55.21
55.21
55.23
55.23
55.24
55.25
55.25
55.25
55.26
55.26
55.26
55.29
55.30
55.30
55.30
55.30
55.31
55.32
55.33
55.34
55.34
55.35
55.36
55.36
55.37
55.38
55.38
55.39
55.39
55.39
55.40
55.40
55.41
55.42
55.42
55.43
55.44
55.46
55.47
55.47
55.47
55.48
55.48
55.49
55.52
55.52
55.53
55.54
55.55
55.55
55.56
55.56
55.57
55.58
55.58
55.58
55.60
55.61
55.62
55.63
55.68
55.70
55.70
56.05
56.07
56.08
56.08
56.09
56.09
56.10
56.10
56.11
56.11
56.11
56.12
56.13
56.14
56.14
56.15
56.15
56.16
56.16
56.16
56.16
56.17
56.17
56.18
56.18
56.19
56.19
56.21
56.21
56.22
56.23
56.23
56.24
56.24
56.25
56.27
56.28
56.29
56.29
56.29
56.29
56.31
56.33
56.33
56.34
56.34
56.36
56.37
56.37
56.38
56.41
56.42
56.42
56.43
56.43
56.44
56.44
56.45
56.46
56.47
56.47
56.48
56.49
56.51
56.51
56.52
56.52
56.53
56.53
56.53
56.54
56.54
56.54
56.55
56.55
56.55
56.57
56.57
56.57
56.57
56.59
56.59
56.59
56.59
56.65
56.89
56.99
57.00
57.04
57.04
57.04
57.05
57.06
57.10
57.10
57.11
57.12
57.14
57.14
57.14
57.19
57.19
57.20
57.20
57.21
57.22
57.22
57.22
57.23
57.23
57.23
57.23
57.24
57.25
57.25
57.28
57.28
57.28
57.29
57.29
57.29
57.29
57.30
57.30
57.30
57.31
57.31
57.31
57.31
57.32
57.34
57.34
57.35
57.35
57.35
57.36
57.36
57.37
57.37
57.38
57.39
57.40
57.41
57.43
57.43
57.43
57.44
57.44
57.44
57.45
57.45
57.45
57.46
57.47
57.47
57.47
57.50
57.50
57.50
57.52
57.53
57.55
57.56
57.58
57.58
57.58
57.60
57.60
57.60
57.65
57.98
58.01
58.02
58.03
58.05
58.05
58.07
58.07
58.08
58.09
58.10
58.11
58.11
58.12
58.13
58.14
58.15
58.15
58.17
58.18
58.18
58.18
58.19
58.21
58.23
58.23
58.25
58.27
58.28
58.29
58.29
58.29
58.29
58.30
58.31
58.32
58.33
58.33
58.33
58.34
58.34
58.35
58.36
58.37
58.37
58.37
58.37
58.38
58.39
58.40
58.41
58.41
58.43
58.43
58.44
58.44
58.45
58.45
58.46
58.46
58.47
58.47
58.47
58.47
58.47
58.50
58.51
58.51
58.51
58.51
58.53
58.53
58.55
58.58
58.59
58.59
58.60
58.60
58.61
58.61
58.61
58.62
58.64
58.69
58.69
58.70
58.71
58.91
58.93
58.96
58.98
59.01
59.01
59.02
59.04
59.05
59.06
59.06
59.07
59.08
59.08
59.08
59.10
59.12
59.13
59.14
59.16
59.18
59.19
59.19
59.20
59.21
59.22
59.23
59.23
59.26
59.26
59.26
59.29
59.29
59.29
59.30
59.35
59.36
59.36
59.37
59.37
59.38
59.39
59.40
59.40
59.41
59.41
59.43
59.44
59.44
59.45
59.45
59.45
59.46
59.47
59.47
59.48
59.48
59.49
59.50
59.50
59.51
59.51
59.51
59.52
59.52
59.53
59.54
59.54
59.55
59.57
59.57
59.57
59.58
59.58
59.58
59.59
59.59
59.60
59.61
59.62
59.63
59.65
59.66
60.00
60.00
60.00
60.03
60.04
60.05
60.07
60.07
60.10
60.12
60.12
60.13
60.14
60.15
60.16
60.16
60.18
60.18
60.20
60.20
60.20
60.21
60.22
60.22
60.23
60.23
60.25
60.25
60.26
60.27
60.28
60.28
60.28
60.31
60.31
60.32
60.32
60.34
60.35
60.36
60.36
60.39
60.39
60.39
60.39
60.40
60.40
60.41
60.41
60.41
60.41
60.41
60.42
60.42
60.43
60.43
60.44
60.44
60.46
60.47
60.47
60.47
60.50
60.50
60.50
60.50
60.53
60.53
60.53
60.53
60.54
60.54
60.54
60.55
60.55
60.55
60.56
60.56
60.58
60.58
60.58
60.61
60.64
60.67
