3085
2076
2080
2807
2468
2557
2500
2275
2328
2241
2042
2187
1832
2467
2373
2639
2397
2222
2837
2761
1957
2036
3352
2077
2158
3062
2492
2262
3012
1991
2715
2405
2516
2423
2420
2551
2567
2355
2714
3171
3107
3030
2424
2434
2449
2417
2911
2246
2145
3145
2150
2874
2440
2357
2952
2123
2461
2121
3893
2502
2541
2202
2534
2689
2320
2850
2500
2481
2771
2381
3145
2292
3604
2458
2368
2512
2378
3421
3204
3349
2241
2456
3190
2441
2587
2735
2255
3040
3013
2608
2971
2607
2536
2438
2398
2413
2664
3074
2357
2327
2421
2442
3625
2959
2711
2955
2774
2314
2465
2396
2680
2349
3083
2605
2395
2545
2516
2275
2706
2513
3257
2797
2908
2441
2329
2503
2696
2805
2416
2522
2440
2774
2857
2322
2451
2949
3057
2376
2632
2444
2718
2372
2569
2617
2588
2555
2349
2512
2994
2473
2298
2577
2290
2326
2511
2538
2673
2748
2621
2467
3357
2389
2392
2358
2375
2463
3050
2839
2897
2948
2665
3486
3761
2925
2440
2954
2744
2647
2856
3049
2962
2698
2790
3275
2422
2610
2648
2758
2762
2729
2309
2489
2634
2293
2952
2339
2766
2732
2838
1940
1995
2877
2744
2799
2430
2288
1933
2347
2571
1999
2459
2635
1887
2322
2014
1883
2406
2383
2486
2478
2666
2571
2876
2362
3000
2525
2650
3046
2297
2695
2536
2387
1912
2189
2864
2605
3257
2000
2372
2252
3259
3338
2939
2744
2693
2508
2448
2931
2385
2492
2632
2396
2512
2036
2438
3438
2402
2515
2631
2728
2641
2602
2492
2469
2787
2853
2861
2404
2614
2585
2501
2517
2572
3270
2393
2221
2170
2407
2353
3028
3156
1872
1991
3214
2287
3170
2543
2925
1978
2514
2470
2519
2465
2157
3029
2532
2436
3438
2654
2753
2595
2594
2573
2032
3046
3263
2622
3158
2955
2878
2252
2402
3258
2956
2706
2536
2806
2438
2764
2441
2728
2368
2709
2207
3378
2633
3111
2739
2810
2658
2786
2548
2566
2652
2490
2566
3123
2958
2643
2636
2744
3526
2574
2673
2595
2818
2276
2849
2099
2579
2963
2124
1863
2261
2480
2597
2320
2421
2277
2451
2941
2602
2327
2099
3086
2480
2626
2177
2796
2410
2778
2594
3054
2614
2481
2144
2663
2366
2445
2558
2505
2569
2544
2635
2557
3386
2963
2670
2044
3127
2799
2743
2367
3175
3035
2330
2687
2514
2275
2539
2712
2545
2830
3198
2691
2866
2588
2860
2885
2728
3210
2773
2812
2724
3009
2870
2855
3178
2729
2936
2506
2432
2655
1932
2436
2393
2562
2419
2761
2551
2565
2116
2492
2478
2693
2926
2639
2757
3350
3056
2262
2282
2244
2801
2160
2742
2380
2602
2784
2741
3038
2360
2493
2635
2428
2706
2537
2346
2748
2616
2615
2849
2691
3195
2996
3309
2946
2722
2898
3259
3221
2095
2600
3034
2412
2670
2492
2818
2409
2950
2667
2730
2959
2848
2759
2778
2470
2766
2530
2937
3044
3045
2827
2651
2753
2722
2795
2742
2463
2130
2246
3312
2631
2670
2856
2478
3085
3049
2637
2537
2320
2216
3207
3104
2554
2554
2153
2441
2203
2671
3335
2223
2093
2598
2990
2607
2633
2640
3164
2350
2287
2482
2582
2858
2531
2156
2646
3057
2369
2601
2644
2598
3286
2982
2912
3510
2952
2827
3142
2565
3050
3410
3022
2229
2647
2783
3109
2842
2550
3362
2724
2582
2848
2586
2820
2473
3125
3167
2944
3245
2653
2900
3087
3065
2371
2574
2724
3068
3344
1909
2693
2219
2731
2286
2448
2555
2303
2279
2974
2648
2559
2563
2784
2505
2071
2530
3391
3160
2574
2170
2972
3121
3083
2598
2370
2868
2325
2261
3160
3405
2747
2706
2206
2430
2647
3094
2574
2550
2246
2648
2628
2978
2821
3010
2764
2593
2597
2981
2215
3200
3126
3045
2695
2956
2430
3020
2858
3553
2921
3493
3197
2761
2629
2608
2600
3428
2643
2886
3338
2690
3014
3341
2818
3323
2731
3139
3008
2894
2843
2818
2743
3219
2328
2258
2529
2866
2512
2573
3298
2869
2333
2577
2515
2702
3057
2618
2192
3579
2154
3563
2718
2472
2505
2497
2313
2282
3038
2353
2323
3228
2498
2709
2384
3053
2622
2586
2969
2931
2697
2565
2680
2659
2907
2177
3023
3398
2662
3248
2925
2881
3017
2560
2656
3357
3274
3176
2922
2480
3750
3581
2621
2649
2425
2761
3286
2763
2882
2680
2688
3378
2876
3192
2865
3053
3260
2539
2733
2443
4036
2702
2619
2595
2513
2442
2541
2437
2874
1955
2722
2436
2772
2953
2769
2701
3290
2524
2442
2639
3046
3200
2882
3787
2575
3320
3177
3542
3029
2109
2583
2533
2535
3809
2872
3115
2860
2591
2412
2626
2334
3106
3082
2744
2845
2533
3787
3290
2832
2947
3461
3521
3724
3366
2676
3255
3188
2298
2442
2497
2907
3049
2657
2770
2892
3186
2581
3934
2568
2584
3306
2849
2611
2720
2969
3076
3243
3042
3114
2978
3148
2316
2548
3751
3046
2718
2610
4032
3316
2654
2897
2719
2878
2948
3123
2943
2251
3205
2878
2961
2999
2357
2800
3044
2768
3030
3881
3396
3159
3412
2589
3299
4236
3532
3251
2979
2499
2805
3581
2569
2980
3144
2714
2114
2779
2564
2614
2487
2309
3267
3010
2766
2932
2817
2789
2673
3611
2653
3118
3216
2803
3733
3910
3704
3460
3054
3307
2985
3321
2981
4047
2865
3833
2977
2484
3674
2801
3206
2854
2957
2881
3694
3428
2103
3080
2911
2608
2974
2781
3288
3356
2698
3488
3154
2848
2949
2544
2642
2753
3311
3304
3646
3238
3080
2405
3305
3002
2842
3506
3523
3155
2893
3760
2640
3460
2804
3181
3939
3546
3522
3281
3211
3849
3127
2390
2625
3005
3804
3032
4204
2906
4046
2918
3214
2736
2659
3358
3266
3003
2756
3422
2201
3029
3634
2940
3157
3467
3288
2634
3203
3540
3115
3476
3068
2755
3613
3630
3472
3311
3126
3534
2882
3499
2637
2484
3348
3170
3145
2759
3784
2700
2614
3302
2835
2752
3457
3054
2347
3793
3092
3551
2292
3630
3534
3603
2421
3369
2792
3544
3226
2978
3596
3359
2869
3418
2356
3703
2774
3577
4032
2359
2949
3709
3819
3348
3353
3207
3280
2624
2697
3386
3186
3457
3593
3349
2996
2829
3223
3820
3500
3142
3402
3172
2712
3917
4023
3795
3638
3371
4015
2535
3453
3934
3181
3933
2823
2737
2696
4067
2817
3308
3571
2274
3591
2183
2740
2797
2473
3616
2995
2911
2554
3029
2984
2706
3747
2732
3060
2732
3128
3432
3306
3218
3032
3161
3108
2369
3440
3072
2606
3425
2829
3531
3149
2747
2466
2718
2566
2457
4128
2686
3534
2597
3928
3105
3414
3134
3093
2822
3265
3246
2814
2955
2923
3522
3505
3008
3059
2540
3313
2876
2956
3108
3038
3063
3141
3028
3147
3290
2812
3199
2624
3128
3035
3658
3935
3313
3529
3399
3591
3949
2967
2817
3752
3672
4360
4006
2376
3202
3714
3188
3246
3846
3425
3533
2924
4310
3789
2179
2880
3676
2985
3102
3983
3544
3195
2129
2683
3676
3505
3554
3353
3215
3177
3331
2701
2547
3463
3437
3099
3481
3408
3364
3277
3191
2773
3085
3255
3398
3189
2413
4082
3399
2693
3154
3420
2863
3991
2653
3686
3377
3153
2169
3725
2374
3564
3657
3312
2767
3342
3088
3940
3148
2905
3610
3184
2487
4023
2733
4223
3612
3068
2886
3817
3150
4169
3261
2809
3719
3588
3227
3878
2228
3930
3790
3692
2157
3149
3135
3357
2776
3956
4155
4203
3830
3082
4281
3189
3145
3049
3707
3988
4052
3235
3856
3996
3786
2818
3601
4080
3993
3592
2739
2791
3719
2411
3468
4147
2668
3201
3936
4913
3830
3418
4339
3624
2558
4072
4427
4666
3854
2787
3317
4182
3290
3949
3723
4246
5052
3310
4134
2708
3463
4220
2822
3760
3427
2965
4886
3470
3617
3461
3433
4073
3379
2965
4458
3355
3366
4581
5042
4923
4804
3792
3883
2425
3506
3186
2948
2687
3909
2768
3035
3383
2594
2088
4361
3238
2724
4168
2552
2403
2984
2630
4624
3516
3369
4069
3165
3171
3470
3739
3243
3378
3051
3546
2551
2266
3578
3406
3404
2880
3775
3436
3863
4110
2601
3966
3638
3104
4506
3694
3914
3308
2859
3393
3508
3847
3731
4522
3557
2601
3307
4176
4415
3030
6026
4364
2964
3890
4015
3447
4486
3319
3429
3471
2966
3337
4430
4353
3423
3717
3777
3390
3604
2651
2603
4211
3102
3484
3083
3590
3960
3637
3853
3863
3528
2226
3760
3230
4366
2263
2795
3283
3831
3293
2837
3752
3783
3858
2004
3690
3702
3081
3054
3174
3688
4121
3153
3798
2558
3383
4059
3574
3043
3370
2376
3116
2887
3289
3648
3742
3386
3638
3305
2662
4805
2537
4855
4010
4681
3530
4460
4567
2538
2960
3796
4604
3379
3751
4337
3662
3483
4184
3776
3924
2905
4506
2956
3155
3362
2841
2531
3003
3218
3019
3216
3196
2999
2676
3052
3587
2644
3132
3792
3749
3437
3198
3133
3919
3329
3757
3906
3585
3308
3611
3850
2221
3140
3592
2498
3923
2168
2926
4201
3384
2852
3088
2899
2428
2936
2936
3489
4085
3602
3308
3808
3520
3694
3339
3709
3593
3233
2955
2361
3298
2971
3536
3463
3394
2569
3123
3959
4305
3540
3601
2478
4624
3746
3565
4582
3571
4363
3444
3574
3365
2544
2756
3481
4392
4350
3784
3097
2799
4002
4315
3720
2704
3456
3292
3072
3355
3078
2924
2515
3428
3194
3044
3119
3303
3129
3766
3434
3150
3508
3677
3750
2245
3965
3151
3892
3237
3981
3643
2756
3134
2596
2809
4140
3741
2414
3899
2275
3047
3142
3624
3392
3247
3444
3427
3093
2252
2804
3190
2712
3433
3464
3481
3527
3409
3480
2437
3697
3443
3776
3544
2263
4523
3469
4497
3111
2857
3624
4241
3636
3550
2742
4061
3962
4053
3521
3515
4515
3297
2584
3673
3745
3840
3480
2616
4163
3448
2494
2622
4172
3256
2927
3361
3281
3296
3184
3257
3329
3100
4073
3901
4052
4032
3903
2619
3377
4837
3412
3892
3998
4484
3260
4042
4601
4603
3643
4803
4341
2384
3197
4454
3817
3570
3294
3434
2150
2725
2444
3783
3469
3238
3152
3537
3008
3322
4416
2788
4240
3341
3924
4453
4336
4402
2793
4370
3745
5422
5696
4256
3973
2603
4215
5257
3631
4465
3779
4914
2741
3913
3861
4005
4121
5391
4782
2774
4340
3660
4379
3618
3988
3838
2860
4438
3757
3985
3019
3256
2762
4208
3510
3644
3730
